       Value   Percentile   TotalCount 1/(1-Percentile)

       0.540     0.000000            1         1.00
       0.882     0.100000          402         1.11
       1.014     0.200000          804         1.25
       1.130     0.300000         1202         1.43
       1.231     0.400000         1600         1.67
       1.342     0.500000         2000         2.00
       1.398     0.550000         2200         2.22
       1.452     0.600000         2401         2.50
       1.503     0.650000         2604         2.86
       1.554     0.700000         2803         3.33
       1.608     0.750000         3000         4.00
       1.638     0.775000         3101         4.44
       1.668     0.800000         3203         5.00
       1.702     0.825000         3301         5.71
       1.741     0.850000         3402         6.67
       1.790     0.875000         3503         8.00
       1.811     0.887500         3550         8.89
       1.839     0.900000         3601        10.00
       1.867     0.912500         3650        11.43
       1.895     0.925000         3700        13.33
       1.925     0.937500         3750        16.00
       1.949     0.943750         3776        17.78
       1.966     0.950000         3801        20.00
       1.989     0.956250         3827        22.86
       2.015     0.962500         3850        26.67
       2.042     0.968750         3876        32.00
       2.057     0.971875         3887        35.56
       2.071     0.975000         3902        40.00
       2.081     0.978125         3914        45.71
       2.101     0.981250         3925        53.33
       2.127     0.984375         3938        64.00
       2.135     0.985938         3945        71.11
       2.157     0.987500         3950        80.00
       2.195     0.989062         3956        91.43
       2.243     0.990625         3962       106.67
       2.309     0.992188         3968       128.00
       2.331     0.992969         3971       142.22
       2.373     0.993750         3975       160.00
       2.403     0.994531         3978       182.86
       2.451     0.995313         3981       213.33
       2.501     0.996094         3984       256.00
       2.535     0.996484         3985       284.44
       2.537     0.996875         3987       320.00
       2.591     0.997266         3989       365.71
       2.607     0.997656         3990       426.67
       2.725     0.998047         3992       512.00
       2.725     0.998242         3992       568.89
       2.911     0.998437         3993       640.00
       3.225     0.998633         3994       731.43
       3.303     0.998828         3995       853.33
       3.399     0.999023         3996      1024.00
       3.399     0.999121         3996      1137.78
       3.399     0.999219         3996      1280.00
       3.949     0.999316         3997      1462.86
       3.949     0.999414         3997      1706.67
       4.179     0.999512         3998      2048.00
       4.179     0.999561         3998      2275.56
       4.179     0.999609         3998      2560.00
       4.179     0.999658         3998      2925.71
       4.179     0.999707         3998      3413.33
       7.875     0.999756         3999      4096.00
       7.875     1.000000         3999          inf
#[Mean    =        1.356, StdDeviation   =        0.386]
#[Max     =        7.872, Total count    =         3999]
#[Buckets =           27, SubBuckets     =         2048]
----------------------------------------------------------
  6001 requests in 30.00s, 468.83KB read
Requests/sec:    200.02
Transfer/sec:     15.63KB
