       Value   Percentile   TotalCount 1/(1-Percentile)

       0.603     0.000000            1         1.00
       0.926     0.100000          402         1.11
       1.079     0.200000          802         1.25
       1.197     0.300000         1201         1.43
       1.306     0.400000         1600         1.67
       1.416     0.500000         2000         2.00
       1.472     0.550000         2205         2.22
       1.523     0.600000         2404         2.50
       1.572     0.650000         2603         2.86
       1.624     0.700000         2804         3.33
       1.682     0.750000         3002         4.00
       1.709     0.775000         3102         4.44
       1.741     0.800000         3204         5.00
       1.776     0.825000         3300         5.71
       1.818     0.850000         3405         6.67
       1.857     0.875000         3501         8.00
       1.881     0.887500         3552         8.89
       1.906     0.900000         3601        10.00
       1.935     0.912500         3651        11.43
       1.966     0.925000         3701        13.33
       2.008     0.937500         3751        16.00
       2.031     0.943750         3775        17.78
       2.055     0.950000         3805        20.00
       2.083     0.956250         3825        22.86
       2.115     0.962500         3850        26.67
       2.155     0.968750         3877        32.00
       2.177     0.971875         3888        35.56
       2.207     0.975000         3900        40.00
       2.239     0.978125         3912        45.71
       2.289     0.981250         3925        53.33
       2.351     0.984375         3937        64.00
       2.427     0.985938         3943        71.11
       2.479     0.987500         3950        80.00
       2.529     0.989062         3956        91.43
       2.627     0.990625         3962       106.67
       2.771     0.992188         3968       128.00
       2.835     0.992969         3971       142.22
       2.971     0.993750         3975       160.00
       3.027     0.994531         3978       182.86
       3.197     0.995313         3981       213.33
       3.345     0.996094         3984       256.00
       3.365     0.996484         3985       284.44
       3.829     0.996875         3987       320.00
       4.347     0.997266         3989       365.71
       4.599     0.997656         3990       426.67
       5.715     0.998047         3992       512.00
       5.715     0.998242         3992       568.89
       8.311     0.998437         3993       640.00
       9.095     0.998633         3994       731.43
      11.815     0.998828         3995       853.33
      14.399     0.999023         3996      1024.00
      14.399     0.999121         3996      1137.78
      14.399     0.999219         3996      1280.00
      15.815     0.999316         3997      1462.86
      15.815     0.999414         3997      1706.67
      16.799     0.999512         3998      2048.00
      16.799     0.999561         3998      2275.56
      16.799     0.999609         3998      2560.00
      16.799     0.999658         3998      2925.71
      16.799     0.999707         3998      3413.33
      18.495     0.999756         3999      4096.00
      18.495     1.000000         3999          inf
#[Mean    =        1.449, StdDeviation   =        0.665]
#[Max     =       18.480, Total count    =         3999]
#[Buckets =           27, SubBuckets     =         2048]
----------------------------------------------------------
  6001 requests in 30.00s, 468.83KB read
Requests/sec:    200.03
Transfer/sec:     15.63KB
